C501,C502,C103,R011-0201,R011-0202
2026,P01,P02,5595,2368
