C601,C602,R010-0701,R010-0702,R010-0703
,,NA,NA,NA
